   person1    person2    person4      person9   person10   person14   person15    person3
3  0.7301787 0.7081981 0.7368350 0.710006923 0.7025580 0.7077214 0.7136293 0.7014109
5  0.7401787 0.7081981 0.7368350 0.710006923 0.7025580 0.7077214 0.7136293 0.7014109
6  0.7401787 0.7081981 0.7368350 0.710006923 0.7025580 0.7077214 0.7136293 0.7014109
7  0.7401787 0.7081981 0.7368350 0.710006923 0.7025580 0.7077214 0.7136293 0.7014109
8  0.7401787 0.7081981 0.7368350 0.710006923 0.7025580 0.7077214 0.7136293 0.7014109
11 0.7137860 0.6275542 0.7101814 0.109837464 0.6096273 0.6270785 0.7993627 0.6081629
12 0.7401787 0.7081981 0.7368350 0.710006923 0.7025580 0.7077214 0.7136293 0.7014109
13 0.7401787 0.7081981 0.7368350 0.710006923 0.7025580 0.7077214 0.7136293 0.7014109
17 0.7401787 0.7081981 0.7368350 0.710006923 0.7025580 0.7077214 0.7136293 0.7014109
19 0.7401787 0.7081981 0.7368350 0.710006923 0.7025580 0.7077214 0.7136293 0.7014109
20 0.7401787 0.7081981 0.7368350 0.710006923 0.7025580 0.7077214 0.7136293 0.7014109
21 0.7141175 0.6174581 0.7966304 0.642654255 0.6088636 0.6259335 0.7980888 0.7943169
24 0.7134850 0.6268652 0.7908266 0.617757344 0.6203630 0.6145767 0.6145656 0.6191399
27 0.7401787 0.7081981 0.7368350 0.710006923 0.7025580 0.7077214 0.7136293 0.7014109
45 0.7401787 0.7081981 0.7368350 0.710006923 0.7025580 0.7077214 0.7136293 0.7014109
46 0.7401787 0.7081981 0.7368350 0.710006923 0.7025580 0.7077214 0.7136293 0.7014109
48 0.7401787 0.7081981 0.7368350 0.710006923 0.7025580 0.7077214 0.7136293 0.7014109
55 0.7401787 0.7081981 0.7368350 0.710006923 0.7025580 0.7077214 0.7136293 0.7014109
59 0.7401787 0.7081981 0.7368350 0.710006923 0.7025580 0.7077214 0.7136293 0.7014109
60 0.7401787 0.7081981 0.7368350 0.710006923 0.7025580 0.7077214 0.7136293 0.7014109
61 0.7401787 0.7081981 0.7368350 0.710006923 0.7025580 0.7077214 0.7136293 0.7014109
62 0.7401787 0.7081981 0.7368350 0.710006923 0.7025580 0.7077214 0.7136293 0.7014109
69 0.7401787 0.7081981 0.7368350 0.710006923 0.7025580 0.7077214 0.7136293 0.7014109
70 0.7401787 0.7081981 0.7368350 0.710006923 0.7025580 0.7077214 0.7136293 0.7014109
71 0.7401787 0.7081981 0.7368350 0.710006923 0.7025580 0.7077214 0.7136293 0.7014109
79 0.7038251 0.6266272 0.7093166 0.628672312 0.6086243 0.6156536 0.7187100 0.6248199
82 0.7401787 0.7081981 0.7368350 0.710006923 0.7025580 0.7077214 0.7136293 0.7014109
83 0.7401787 0.7081981 0.7368350 0.710006923 0.7025580 0.7077214 0.7136293 0.7014109
88 0.7401787 0.7081981 0.7368350 0.710006923 0.7025580 0.7077214 0.7136293 0.7014109
89 0.7401787 0.7081981 0.7368350 0.710006923 0.7025580 0.7077214 0.7136293 0.7014109
   person7      person8   person11   person13    person5      person6   person12
3  0.713954064 0.707448374 0.6218147 0.7047313 0.6012663 0.707051490 0.7331957
5  0.713954064 0.707448374 0.6218147 0.7047313 0.6012663 0.707051490 0.7331957
6  0.713954064 0.707448374 0.6218147 0.7047313 0.6012663 0.707051490 0.7331957
7  0.713954064 0.707448374 0.6218147 0.7047313 0.6012663 0.707051490 0.7331957
8  0.713954064 0.707448374 0.6218147 0.7047313 0.6012663 0.707051490 0.7331957
11 0.611818054 0.604650674 0.6773107 0.6114543 0.6536816 0.614490513 0.7173998
12 0.713954064 0.707448374 0.6218147 0.7047313 0.6012663 0.707051490 0.7331957
13 0.713954064 0.707448374 0.6218147 0.7047313 0.6012663 0.707051490 0.7331957
17 0.713954064 0.707448374 0.6218147 0.7047313 0.6012663 0.707051490 0.7331957
19 0.713954064 0.707448374 0.6218147 0.7047313 0.6012663 0.707051490 0.7331957
20 0.713954064 0.707448374 0.6218147 0.7047313 0.6012663 0.707051490 0.7331957
21 0.798502961 0.322283634 0.6766581 0.6110123 0.6532376 0.614031012 0.7052744
24 0.438792340 0.613184714 0.6760179 0.6004432 0.6390344 0.603226103 0.7045253
27 0.713954064 0.707448374 0.6218147 0.7047313 0.6012663 0.707051490 0.7331957
45 0.713954064 0.707448374 0.6218147 0.7047313 0.6012663 0.707051490 0.7331957
46 0.713954064 0.707448374 0.6218147 0.7047313 0.6012663 0.707051490 0.7331957
48 0.713954064 0.707448374 0.6218147 0.7047313 0.6012663 0.707051490 0.7331957
55 0.713954064 0.707448374 0.6218147 0.7047313 0.6012663 0.707051490 0.7331957
59 0.713954064 0.707448374 0.6218147 0.7047313 0.6012663 0.707051490 0.7331957
60 0.713954064 0.707448374 0.6218147 0.7047313 0.6012663 0.707051490 0.7331957
61 0.713954064 0.707448374 0.6218147 0.7047313 0.6012663 0.707051490 0.7331957
62 0.713954064 0.707448374 0.6218147 0.7047313 0.6012663 0.707051490 0.7331957
69 0.713954064 0.707448374 0.6218147 0.7047313 0.6012663 0.707051490 0.7331957
70 0.713954064 0.707448374 0.6218147 0.7047313 0.6012663 0.707051490 0.7331957
71 0.713954064 0.707448374 0.6218147 0.7047313 0.6012663 0.707051490 0.7331957
79 0.610636931 0.613424162 0.6642923 0.6232033 0.6526073 0.122175435 0.7163759
82 0.713954064 0.707448374 0.6218147 0.7047313 0.6012663 0.707051490 0.7331957
83 0.713954064 0.707448374 0.6218147 0.7047313 0.6012663 0.707051490 0.7331957
88 0.713954064 0.707448374 0.6218147 0.7047313 0.6012663 0.707051490 0.7331957
89 0.713954064 0.707448374 0.6218147 0.7047313 0.6012663 0.707051490 0.7331957
