   person1    person2    person4      person9   person10   person14   person15    person3
3  0.8301787 0.8781981 0.8368350 0.880006923 0.8625580 0.8777214 0.8536293 0.8614109
5  0.8401787 0.8781981 0.8368350 0.880006923 0.8625580 0.8777214 0.8536293 0.8614109
6  0.8401787 0.8781981 0.8368350 0.880006923 0.8625580 0.8777214 0.8536293 0.8614109
7  0.8401787 0.8781981 0.8368350 0.880006923 0.8625580 0.8777214 0.8536293 0.8614109
8  0.8401787 0.8781981 0.8368350 0.880006923 0.8625580 0.8777214 0.8536293 0.8614109
11 0.8837860 0.7275542 0.8801814 0.000344009 0.7096273 0.7270785 0.8993627 0.7081629
12 0.8401787 0.8781981 0.8368350 0.880006923 0.8625580 0.8777214 0.8536293 0.8614109
13 0.8401787 0.8781981 0.8368350 0.880006923 0.8625580 0.8777214 0.8536293 0.8614109
17 0.8401787 0.8781981 0.8368350 0.880006923 0.8625580 0.8777214 0.8536293 0.8614109
19 0.8401787 0.8781981 0.8368350 0.880006923 0.8625580 0.8777214 0.8536293 0.8614109
20 0.8401787 0.8781981 0.8368350 0.880006923 0.8625580 0.8777214 0.8536293 0.8614109
21 0.8841175 0.7174581 0.8966304 0.742654255 0.7088636 0.7259335 0.8980888 0.8943169
24 0.8834850 0.7268652 0.8908266 0.717757344 0.7203630 0.7145767 0.7145656 0.7191399
27 0.8401787 0.8781981 0.8368350 0.880006923 0.8625580 0.8777214 0.8536293 0.8614109
45 0.8401787 0.8781981 0.8368350 0.880006923 0.8625580 0.8777214 0.8536293 0.8614109
46 0.8401787 0.8781981 0.8368350 0.880006923 0.8625580 0.8777214 0.8536293 0.8614109
48 0.8401787 0.8781981 0.8368350 0.880006923 0.8625580 0.8777214 0.8536293 0.8614109
55 0.8401787 0.8781981 0.8368350 0.880006923 0.8625580 0.8777214 0.8536293 0.8614109
59 0.8401787 0.8781981 0.8368350 0.880006923 0.8625580 0.8777214 0.8536293 0.8614109
60 0.8401787 0.8781981 0.8368350 0.880006923 0.8625580 0.8777214 0.8536293 0.8614109
61 0.8401787 0.8781981 0.8368350 0.880006923 0.8625580 0.8777214 0.8536293 0.8614109
62 0.8401787 0.8781981 0.8368350 0.880006923 0.8625580 0.8777214 0.8536293 0.8614109
69 0.8401787 0.8781981 0.8368350 0.880006923 0.8625580 0.8777214 0.8536293 0.8614109
70 0.8401787 0.8781981 0.8368350 0.880006923 0.8625580 0.8777214 0.8536293 0.8614109
71 0.8401787 0.8781981 0.8368350 0.880006923 0.8625580 0.8777214 0.8536293 0.8614109
79 0.8738251 0.7266272 0.8793166 0.728672312 0.7086243 0.7156536 0.8887100 0.7248199
82 0.8401787 0.8781981 0.8368350 0.880006923 0.8625580 0.8777214 0.8536293 0.8614109
83 0.8401787 0.8781981 0.8368350 0.880006923 0.8625580 0.8777214 0.8536293 0.8614109
88 0.8401787 0.8781981 0.8368350 0.880006923 0.8625580 0.8777214 0.8536293 0.8614109
89 0.8401787 0.8781981 0.8368350 0.880006923 0.8625580 0.8777214 0.8536293 0.8614109
   person7      person8   person11   person13    person5      person6   person12
3  0.853954064 0.867448374 0.7218147 0.8647313 0.7012663 0.867051490 0.8331957
5  0.853954064 0.867448374 0.7218147 0.8647313 0.7012663 0.867051490 0.8331957
6  0.853954064 0.867448374 0.7218147 0.8647313 0.7012663 0.867051490 0.8331957
7  0.853954064 0.867448374 0.7218147 0.8647313 0.7012663 0.867051490 0.8331957
8  0.853954064 0.867448374 0.7218147 0.8647313 0.7012663 0.867051490 0.8331957
11 0.711818054 0.704650674 0.7773107 0.7114543 0.7536816 0.714490513 0.8873998
12 0.853954064 0.867448374 0.7218147 0.8647313 0.7012663 0.867051490 0.8331957
13 0.853954064 0.867448374 0.7218147 0.8647313 0.7012663 0.867051490 0.8331957
17 0.853954064 0.867448374 0.7218147 0.8647313 0.7012663 0.867051490 0.8331957
19 0.853954064 0.867448374 0.7218147 0.8647313 0.7012663 0.867051490 0.8331957
20 0.853954064 0.867448374 0.7218147 0.8647313 0.7012663 0.867051490 0.8331957
21 0.898502961 0.000322283 0.7766581 0.7110123 0.7532376 0.714031012 0.8752744
24 0.000598549 0.713184714 0.7760179 0.7004432 0.7390344 0.703226103 0.8745253
27 0.853954064 0.867448374 0.7218147 0.8647313 0.7012663 0.867051490 0.8331957
45 0.853954064 0.867448374 0.7218147 0.8647313 0.7012663 0.867051490 0.8331957
46 0.853954064 0.867448374 0.7218147 0.8647313 0.7012663 0.867051490 0.8331957
48 0.853954064 0.867448374 0.7218147 0.8647313 0.7012663 0.867051490 0.8331957
55 0.853954064 0.867448374 0.7218147 0.8647313 0.7012663 0.867051490 0.8331957
59 0.853954064 0.867448374 0.7218147 0.8647313 0.7012663 0.867051490 0.8331957
60 0.853954064 0.867448374 0.7218147 0.8647313 0.7012663 0.867051490 0.8331957
61 0.853954064 0.867448374 0.7218147 0.8647313 0.7012663 0.867051490 0.8331957
62 0.853954064 0.867448374 0.7218147 0.8647313 0.7012663 0.867051490 0.8331957
69 0.853954064 0.867448374 0.7218147 0.8647313 0.7012663 0.867051490 0.8331957
70 0.853954064 0.867448374 0.7218147 0.8647313 0.7012663 0.867051490 0.8331957
71 0.853954064 0.867448374 0.7218147 0.8647313 0.7012663 0.867051490 0.8331957
79 0.710636931 0.713424162 0.7642923 0.7232033 0.7526073 0.000321125 0.8863759
82 0.853954064 0.867448374 0.7218147 0.8647313 0.7012663 0.867051490 0.8331957
83 0.853954064 0.867448374 0.7218147 0.8647313 0.7012663 0.867051490 0.8331957
88 0.853954064 0.867448374 0.7218147 0.8647313 0.7012663 0.867051490 0.8331957
89 0.853954064 0.867448374 0.7218147 0.8647313 0.7012663 0.867051490 0.8331957
